ID,medv
3,23.063238
6,24.034143
8,22.016424
9,23.216936
10,21.690153
18,22.241383
20,22.71432
25,22.814192
26,22.133497
27,22.603178
29,22.028475
30,21.472464
33,21.359106
34,22.832863
36,23.306591
37,22.935625
38,23.185694
42,24.13667
49,26.253723
53,23.038057
60,21.509142
63,21.374092
70,22.688803
72,23.490557
79,21.79728
80,23.020147
83,22.579638
92,23.76863
93,20.119307
96,23.38627
98,24.951794
99,25.310202
100,24.134613
105,23.235874
106,23.901823
111,22.851263
113,22.230276
114,21.890932
116,21.301336
126,23.562302
130,22.129267
131,22.460827
133,22.330608
136,21.892115
141,21.733023
144,22.50458
145,23.581244
147,23.549791
152,23.80535
153,21.712305
156,19.907118
158,24.90063
163,22.766409
169,23.128126
185,25.924976
186,24.208792
189,22.4849
196,24.655165
197,25.411577
199,24.780762
200,23.307579
203,24.437218
208,22.50094
210,20.60838
211,20.293276
213,21.093859
216,22.44975
218,21.977024
219,20.1682
220,20.143719
221,21.35135
229,23.859426
232,21.824923
238,21.746998
239,22.047117
240,21.459892
242,21.418636
246,21.790289
248,21.069014
253,23.303701
255,23.29184
256,23.428715
257,23.405787
258,25.483694
259,23.923141
260,24.019337
268,24.73306
270,20.356497
271,21.274258
276,22.333895
277,19.741354
278,20.494543
279,21.850756
281,24.438889
288,22.11469
290,21.202932
292,23.280367
295,23.447802
296,23.452177
299,22.872995
300,23.482855
301,22.828217
308,21.892141
314,22.16345
315,21.676512
320,21.116667
322,22.581045
323,22.521551
324,22.904951
327,22.59548
330,22.963213
332,22.1174
333,21.574366
336,23.039019
338,23.042278
346,22.912275
347,22.653376
351,23.524746
352,22.227385
354,24.375826
355,26.092758
356,25.899046
362,23.499933
364,22.469065
365,26.400795
370,24.019915
376,23.935644
379,22.537024
380,22.647228
381,23.639107
382,22.882486
386,22.208796
389,22.099798
391,23.085512
394,23.397358
396,23.41353
398,23.04159
400,22.466373
403,23.024023
405,21.226374
406,21.749704
407,22.136457
410,22.556189
411,22.111547
412,22.455618
413,22.89924
417,22.578527
421,22.803288
422,22.841585
423,22.390953
424,22.633234
427,22.575087
431,22.642561
436,22.176996
437,22.316023
439,21.916586
447,22.89017
450,22.609156
451,23.302773
455,22.701956
457,22.795515
471,23.564253
474,24.437632
476,22.737213
483,25.042402
486,24.20342
490,22.80133
495,21.56555
496,21.384953
497,21.661211
499,21.571821
501,21.53037
505,23.353249
